0.009871
0.011698
0.026514
0.012624
0.021712
0.017268
0.039591
0.021326
0.025457
0.014800
0.016397
0.011631
0.025200
0.035268
0.026396
0.020211
0.027142
0.023753
0.021606
0.018616
0.024530
0.010162
0.021650
0.016231
0.038541
0.026924
0.020648
0.012510
0.018467
0.016815
0.025059
0.016926
0.027321
0.015136
0.027094
0.023115
0.014271
0.023797
0.021779
0.023817
0.011533
0.026298
0.024643
0.014938
0.024083
0.030628
0.020810
0.024583
0.028549
0.013425
0.024320
0.027729
0.036147
0.035542
0.028182
0.031248
0.024017
0.029888
0.023370
0.028379
